[1] "cluster 1"
      big         cite          infobox           italic         heading2           blod             sup         file           indent1           sub       heading5   blockquote     bulletedelement 
0  25,00  0,0000  117,0   7,000   2,000  0  0,0000  166,0  0  0  0,0000   3,000  
0  38,00  1,0000  135,0   8,000   3,000  0  0,0000  188,0  0  0  1,0000   3,000  
0  38,00  1,0000  137,0   8,000   5,000  0  0,0000  194,0  0  0  1,0000   3,000  
0  39,81  0,9987  137,6   8,106   7,556  0  0,6705  193,6  0  0  0,8861   4,094  
0  39,00  1,0000  141,0   8,000  13,000  0  1,0000  199,0  0  0  1,0000   5,000  
0  64,00  1,0000  177,0  11,000  34,000  0  5,0000  239,0  0  0  2,0000  57,000  
   wikitable         heading3          nowiki     internal       italicblod    external      reference     numberedelement     indent2        s        heading4          small        content_size   
0,0000   4,000  0  327,0  0    3,0  35,00   2,000  0  0  0,0000  0,000       0  
0,0000   7,000  0  415,0  0   14,0  54,00  10,000  0  0  1,0000  1,000  744580  
0,0000   7,000  0  423,0  0   15,0  55,00  10,000  0  0  1,0000  2,000  760000  
0,9784   6,955  0  418,8  0   13,7  54,13   9,663  0  0  0,9488  1,563  748195  
0,0000   7,000  0  438,0  0   16,0  56,00  10,000  0  0  1,0000  2,000  786656  
7,0000  14,000  0  539,0  0   20,0  76,00  27,000  0  0  2,0000  6,000  882496  
      date              categories      pagename        
2008-10-01   0,00   Length:1484       
2009-02-26  12,00   Class :character  
2009-06-02  12,00   Mode  :character  
2009-08-13  13,23                     
2010-01-24  15,00                     
2012-05-11  18,00                     
[1] "cluster 2"
      big         cite         infobox           italic          heading2          blod            sup                file      indent1            sub              heading5    blockquote    bulletedelement
0   0,0  0,0000   42,00  4,000   0,00  0,000000  0   57,00  0,000000  13  0,000   2,00  
0  19,0  1,0000   71,00  5,000   9,00  0,000000  0   97,00  0,000000  13  0,000   4,00  
0  21,0  1,0000   75,00  6,000  10,00  0,000000  0   99,50  0,000000  13  0,000  13,00  
0  20,2  0,9976   79,08  5,699  10,54  0,000484  0   99,11  0,000484  13  0,151  11,66  
0  21,0  1,0000   93,00  6,000  13,00  0,000000  0  103,00  0,000000  13  0,000  17,00  
0  33,0  1,0000  122,00  8,000  15,00  1,000000  0  128,00  1,000000  13  2,000  27,00  
   wikitable    heading3         nowiki            internal       italicblod          external       reference     numberedelement    indent2        s              heading4     small           content_size   
1  0,000  0,000000  143,0  0,000000  0,000   0,00  1,000  0  0,00000  0  0,000000       0  
1  3,000  0,000000  297,0  0,000000  4,000  22,00  1,000  0  0,00000  0  0,000000  443956  
1  3,000  0,000000  304,0  0,000000  5,000  23,00  1,000  0  0,00000  0  0,000000  451376  
1  3,325  0,000484  300,9  0,001452  4,737  23,88  1,021  0  0,00242  0  0,001936  436761  
1  3,000  0,000000  311,0  0,000000  6,000  26,00  1,000  0  0,00000  0  0,000000  456972  
1  9,000  1,000000  405,0  1,000000  8,000  37,00  3,000  0  1,00000  0  1,000000  719584  
      date              categories      pagename        
2006-12-10   0,00   Length:2066       
2007-01-29  12,00   Class :character  
2007-03-21  13,00   Mode  :character  
2007-03-15  13,71                     
2007-05-02  16,00                     
2007-09-03  17,00                     
[1] "cluster 3"
      big         cite           infobox          italic          heading2           blod             sup               file           indent1           sub       heading5   blockquote bulletedelement 
0  0,0000  0,000    1,00   0,000   0,000  0,00000  0,0000    1,0  0  0  0    29,00  
0  0,0000  0,000   72,50   6,000   1,000  0,00000  0,0000   81,0  0  0  0    65,00  
0  0,0000  0,000   98,00   8,000   2,000  0,00000  0,0000   95,0  0  0  0    67,00  
0  0,7239  0,377   90,37   8,378   1,952  0,00531  0,1392   92,9  0  0  0    77,35  
0  0,0000  1,000  102,00  10,000   2,000  0,00000  0,0000  100,0  0  0  0    87,00  
0  5,0000  1,000  134,00  14,000  12,000  3,00000  2,0000  159,0  0  0  0   284,00  
   wikitable    heading3          nowiki          internal       italicblod         external       reference      numberedelement    indent2        s        heading4     small        content_size   
0   0,000  0,0000  109,0  0,00000   0,00   0,000  0,000  0  0  0  0,000     544  
0   0,000  0,0000  190,5  0,00000   8,00   0,000  0,000  0  0  0  0,000  239280  
0   0,000  0,0000  208,0  0,00000  11,00   0,000  0,000  0  0  0  0,000  258544  
0   3,611  0,2383  217,4  0,00236  10,87   5,372  0,485  0  0  0  1,139  269680  
0   8,000  0,0000  222,0  0,00000  13,00   5,000  0,000  0  0  0  0,000  283288  
0  13,000  1,0000  827,0  1,00000  24,00  31,000  3,000  0  0  0  7,000  602432  
      date              categories      pagename        
2001-11-09   0,00   Length:1695       
2006-01-11  12,00   Class :character  
2006-05-07  15,00   Mode  :character  
2008-03-25  13,82                     
2010-04-09  15,00                     
2016-11-07  24,00                     
[1] "cluster 4"
      big         cite           infobox          italic         heading2          blod            sup         file         indent1         sub       heading5           blockquote      bulletedelement
0    0,00  0,000   94,0   9,00  2,000  0  0,00  123  0  0,0000000  0,00000   9,00  
0   65,00  1,000  118,0  10,00  4,000  0  5,00  185  0  0,0000000  0,00000  10,00  
0   85,00  1,000  156,0  10,00  4,000  0  5,00  216  0  0,0000000  0,00000  21,00  
0   84,71  1,217  148,9  10,49  3,952  0  5,33  209  0  0,0006925  0,07548  27,01  
0  104,00  1,000  170,0  11,00  5,000  0  5,00  229  0  0,0000000  0,00000  49,00  
0  120,00  2,000  190,0  13,00  5,000  0  8,00  260  0  1,0000000  1,00000  63,00  
   wikitable       heading3         nowiki     internal       italicblod    external       reference      numberedelement     indent2        s        heading4          small         content_size    
0,00   5,00  0  311,0  0    3,00   44,00   3,000  0  0   1,000  0,0000        0  
0,00  11,00  0  379,0  0    7,00   73,00   4,000  0  0   2,000  0,0000   909392  
1,00  13,00  0  450,0  0   13,00   97,00   5,000  0  0   2,000  0,0000   968896  
2,17  13,05  0  429,9  0   11,72   96,59   4,792  0  0   2,001  0,2424  1009216  
1,00  15,00  0  482,0  0   16,00  119,00   5,000  0  0   2,000  0,0000  1087680  
7,00  17,00  0  544,0  0   22,00  139,00  23,000  0  0  11,000  1,0000  1328384  
      date              categories      pagename        
2006-05-26   0,00   Length:1444       
2012-05-21  18,00   Class :character  
2013-09-11  20,00   Mode  :character  
2013-11-04  19,61                     
2015-04-11  21,00                     
2016-11-16  25,00                     
[1] "cluster 5"
      big         cite             infobox      italic         heading2           blod             sup         file      indent1            sub       heading5   blockquote     bulletedelement   wikitable
0  0,000000  0   4,00   0,000   0,000  0  0   18,00  0  0  0,0000   4,00  0  
0  0,000000  0  56,00   9,000   6,000  0  0   57,00  0  0  0,0000  28,00  0  
0  0,000000  0  58,00  10,000   8,000  0  0   66,00  0  0  0,0000  35,00  0  
0  0,001549  0  58,31   9,662   7,577  0  0   70,96  0  0  0,3563  36,53  0  
0  0,000000  0  62,00  10,000   8,000  0  0   81,00  0  0  1,0000  53,00  0  
0  1,000000  0  74,00  13,000  15,000  0  0  209,00  0  0  1,0000  70,00  0  
    heading3         nowiki     internal       italicblod    external       reference        numberedelement    indent2        s        heading4     small          content_size          date           
0,000  0    0,0  0    3,00  0,000000   0,00  0  0  0  0,00000   148240  2004-03-16  
3,000  0  273,0  0   10,00  0,000000   9,00  0  0  0  0,00000   541816  2005-04-02  
3,000  0  309,0  0   15,00  0,000000  37,00  0  0  0  0,00000   579552  2005-04-20  
3,203  0  305,9  0   14,88  0,002324  29,12  0  0  0  0,01782   595075  2005-05-12  
4,000  0  331,0  0   20,00  0,000000  39,00  0  0  0  0,00000   614176  2005-07-09  
8,000  0  393,0  0   69,00  3,000000  64,00  0  0  0  1,00000  4012064  2007-05-01  
   categories      pagename        
0,000   Length:1291       
3,000   Class :character  
4,000   Mode  :character  
3,345                     
4,000                     
5,000                     
[1] "cluster 6"
      big         cite           infobox             italic          heading2          blod            sup         file      indent1           sub       heading5        blockquote       bulletedelement
0   0,000  0,000000   43,00   6,00   2,00  0  0   25,0  0   0,000  0,000000   4,00  
0   0,000  0,000000   58,00   9,00  11,00  0  0   99,0  0   0,000  0,000000  51,00  
0   0,000  0,000000   62,00  11,00  11,00  0  0  101,0  0   0,000  0,000000  53,00  
0   0,132  0,005076   61,72  10,86  12,19  0  0  101,9  0   0,022  0,003384  53,16  
0   0,000  0,000000   63,00  13,00  15,00  0  0  106,0  0   0,000  0,000000  57,00  
0  18,000  1,000000  106,00  21,00  18,00  0  0  187,0  0  13,000  1,000000  80,00  
   wikitable           heading3         nowiki     internal       italicblod       external      reference       numberedelement     indent2        s        heading4            small    content_size   
0,000000  0,000  0  122,0  1,000   2,0   0,0000   0,000  0  0  0,000000  0  185056  
0,000000  3,000  0  363,0  1,000  17,0   0,0000   0,000  0  0  0,000000  0  639776  
0,000000  3,000  0  378,0  1,000  19,0   0,0000   0,000  0  0  0,000000  0  678640  
0,003384  3,103  0  372,4  1,007  19,4   0,1709   1,821  0  0  0,003384  0  693370  
0,000000  3,000  0  385,0  1,000  23,0   0,0000   3,000  0  0  0,000000  0  753624  
1,000000  9,000  0  479,0  4,000  31,0  31,0000  63,000  0  0  2,000000  0  933760  
      date              categories       pagename        
2004-03-10   0,000   Length:591        
2005-12-17   3,000   Class :character  
2006-02-14   3,000   Mode  :character  
2006-02-12   3,262                     
2006-04-02   3,000                     
2008-02-28  17,000                     
[1] "cluster 7"
      big         cite          infobox           italic         heading2          blod            sup              file      indent1           sub           heading5   blockquote    bulletedelement 
0  0,000  0,0000   11,0  12,00   5,00  0,0000  0   71,0  0,000  0  0,000   44,00  
0  1,000  0,0000   74,0  14,00   8,00  0,0000  0  157,0  0,000  0  0,000   63,00  
0  1,000  0,0000   80,0  17,00  10,00  0,0000  0  213,0  0,000  0  1,000   67,00  
0  2,188  0,2354   82,7  16,04  11,37  0,1108  0  216,4  0,133  0  1,032   69,53  
0  2,000  0,0000   94,0  17,00  12,00  0,0000  0  250,0  0,000  0  2,000   80,00  
0  8,000  2,0000  115,0  24,00  28,00  2,0000  0  379,0  1,000  0  4,000  132,00  
   wikitable    heading3          nowiki            internal       italicblod    external       reference     numberedelement    indent2        s               heading4          small         content_size    
0   2,000  0,000000  334,0  0    2,00   0,00   0,0   0  0,000000  0,0000  0,0000   630432  
0   6,000  0,000000  434,0  0   27,00   5,00   0,0   0  0,000000  0,0000  0,0000   858940  
0   9,000  0,000000  515,0  0   32,00  13,00  22,0   0  0,000000  0,0000  0,0000  1015176  
0   8,654  0,006429  508,4  0   39,15  15,94  18,1   0  0,001484  0,2399  0,1098  1014075  
0   9,000  0,000000  576,0  0   55,00  21,00  24,0   0  0,000000  0,0000  0,0000  1096652  
0  17,000  1,000000  626,0  0   59,00  53,00  42,0   0  2,000000  3,0000  2,0000  1401168  
      date              categories      pagename        
2005-04-19  4,000   Length:2022       
2007-02-25  5,000   Class :character  
2007-06-02  5,000   Mode  :character  
2007-06-27  4,852                     
2007-12-03  5,000                     
2009-03-25  5,000                     
[1] "cluster 8"
      big         cite          infobox          italic         heading2          blod             sup         file          indent1          sub       heading5          blockquote    bulletedelement 
0   0,00  0,000    0,0   0,00   0,000  0   0,00   302  0  0,000000  0,000    0,00  
0  18,00  2,000  114,0  15,00   1,000  0  18,00   342  0  0,000000  1,000   51,00  
0  52,00  3,000  146,0  16,00   2,000  0  19,00   347  0  0,000000  1,000   52,00  
0  49,66  2,411  137,3  16,21   2,373  0  18,74   381  0  0,001748  1,486   51,98  
0  68,00  3,000  156,0  17,00   2,000  0  19,00   431  0  0,000000  3,000   54,00  
0  93,00  3,000  165,0  18,00  12,000  0  23,00  3328  0  2,000000  4,000  222,00  
   wikitable    heading3         nowiki     internal       italicblod    external        reference      numberedelement     indent2               s        heading4         small         content_size    
0   0,00  0    0,0  0     0,00    0,00    0,00   0,00000  0  0,000  0,0000  1277984  
0  22,00  0  577,0  0    65,00   77,75   32,00   0,00000  0  1,000  0,0000  1554816  
0  28,00  0  622,5  0    68,00  142,00   64,00   0,00000  0  1,000  0,0000  1924800  
0  25,78  0  625,1  0    69,73  121,85   54,24   0,06731  0  1,536  0,4694  1792726  
0  29,00  0  678,0  0    75,00  157,00   68,00   0,00000  0  2,000  1,0000  1957156  
0  29,00  0  700,0  0   114,00  167,00  127,00  77,00000  0  3,000  2,0000  8943696  
      date              categories      pagename        
2005-08-17  0,000   Length:1144       
2010-04-24  5,000   Class :character  
2012-03-26  5,000   Mode  :character  
2012-02-15  5,018                     
2013-03-16  5,000                     
2016-10-27  6,000                     
[1] "cluster 9"
      big         cite          infobox           italic         heading2           blod             sup         file      indent1           sub       heading5   blockquote     bulletedelement    wikitable     
0   0,00  0,0000    6,0   1,000   0,000  0  0    3,0  0  0  0,0000   0,000  0,0000  
0  18,00  1,0000   70,0   5,000   5,000  0  0   87,0  0  0  0,0000   3,000  0,0000  
0  20,00  1,0000   76,0   6,000   9,000  0  0   91,0  0  0  0,0000   4,000  1,0000  
0  20,38  0,9838   82,5   6,143   7,523  0  0  106,7  0  0  0,4078   4,297  0,6153  
0  24,00  1,0000  101,0   7,000  10,000  0  0  133,0  0  0  1,0000   5,000  1,0000  
0  29,00  1,0000  120,0  11,000  17,000  0  0  172,0  0  0  2,0000  10,000  1,0000  
    heading3         nowiki            internal       italicblod           external        reference    numberedelement     indent2              s               heading4     small            content_size   
0,000  0,000000   22,0  0,0000000   0,000   0,0   0,000  0,00000  0,000000  0  0,0000000       0  
3,000  0,000000  240,0  0,0000000   3,000  18,0   1,000  0,00000  0,000000  0  0,0000000  370336  
3,000  0,000000  253,0  0,0000000   5,000  20,0   1,000  0,00000  0,000000  0  0,0000000  382784  
4,563  0,001034  277,1  0,0003447   6,143  24,8   2,328  0,03344  0,001724  0  0,0006894  423652  
7,000  0,000000  337,0  0,0000000  10,000  35,0   4,000  0,00000  0,000000  0  0,0000000  522592  
9,000  3,000000  411,0  1,0000000  15,000  43,0  12,000  1,00000  4,000000  0  2,0000000  760112  
      date              categories      pagename        
2006-07-06   0,00   Length:2901       
2006-09-15  13,00   Class :character  
2006-11-16  15,00   Mode  :character  
2007-04-30  14,71                     
2008-02-10  17,00                     
2009-07-20  20,00                     
[1] "cluster 10"
      big         cite      infobox      italic      heading2        blod         sup           file      indent1          sub         heading5   blockquote  bulletedelement   wikitable      heading3
0  0  0  27  330  55  110  0  1870  275  0  770  0      550  0  
0  0  0  27  330  55  110  0  1870  275  0  770  0      550  0  
0  0  0  27  330  55  110  0  1870  275  0  770  0      550  0  
0  0  0  27  330  55  110  0  1870  275  0  770  0      550  0  
0  0  0  27  330  55  110  0  1870  275  0  770  0      550  0  
0  0  0  27  330  55  110  0  1870  275  0  770  0      550  0  
     nowiki       internal     italicblod    external     reference numberedelement    indent2        s          heading4     small      content_size          date              categories   pagename        
495  990  27  165  0  165    0  165  0  330  4116640  2007-07-01  0    Length:1          
495  990  27  165  0  165    0  165  0  330  4116640  2007-07-01  0    Class :character  
495  990  27  165  0  165    0  165  0  330  4116640  2007-07-01  0    Mode  :character  
495  990  27  165  0  165    0  165  0  330  4116640  2007-07-01  0                      
495  990  27  165  0  165    0  165  0  330  4116640  2007-07-01  0                      
495  990  27  165  0  165    0  165  0  330  4116640  2007-07-01  0                      
[1] "cluster 11"
      big         cite            infobox            italic          heading2           blod            sup         file      indent1            sub               heading5   blockquote       bulletedelement
0   0,0000  0,00000    0,00   0,000  0,000  0  0    0,00  0,0000000  0  0,000000   0,00  
0   0,0000  0,00000   17,00   0,000  1,000  0  0    4,00  0,0000000  0  0,000000   1,75  
0   0,0000  0,00000   43,50   5,000  2,000  0  0   32,00  0,0000000  0  0,000000  32,00  
0   0,7425  0,02477   39,64   3,875  1,646  0  0   29,57  0,0007508  0  0,005255  30,60  
0   0,0000  0,00000   64,00   6,000  2,000  0  0   46,00  0,0000000  0  0,000000  56,00  
0  20,0000  1,00000  102,00  11,000  9,000  0  0  132,00  1,0000000  0  7,000000  80,00  
   wikitable         heading3          nowiki            internal       italicblod          external        reference       numberedelement    indent2        s        heading4     small        
0,0000  0,0000  0,000000    0,0  0,000000   0,000   0,0000   0,00  0  0  0  0,00000  
0,0000  0,0000  0,000000   33,5  0,000000   0,000   0,0000   0,00  0  0  0  0,00000  
0,0000  0,0000  0,000000  116,0  0,000000   4,000   0,0000   0,00  0  0  0  0,00000  
0,1029  0,4189  0,003003  104,2  0,002252   4,162   0,7477   3,95  0  0  0  0,01426  
0,0000  0,0000  0,000000  169,0  0,000000   8,000   0,0000   8,00  0  0  0  0,00000  
1,0000  9,0000  2,000000  254,0  1,000000  37,000  20,0000  39,00  0  0  0  3,00000  
  content_size          date              categories       pagename        
      0  2002-03-19   0,000   Length:1332       
  68444  2005-03-02   0,000   Class :character  
 120248  2005-08-05   6,000   Mode  :character  
 156595  2005-12-29   4,924                     
 170372  2006-10-01   8,000                     
3277104  2016-07-02  23,000                     
[1] "cluster 12"
      big         cite      infobox      italic         heading2          blod         sup         file      indent1          sub       heading5   blockquote bulletedelement   wikitable    heading3     nowiki 
1  0  1  45,00  8,000  12  0  0  55,0  0  0  0   66,00  0  0  0  
1  0  1  45,00  8,000  12  0  0  63,0  0  0  0   66,00  0  0  0  
1  0  1  46,00  9,000  12  0  0  75,0  0  0  0   68,00  0  0  0  
1  0  1  46,22  8,605  12  0  0  70,8  0  0  0   70,76  0  0  0  
1  0  1  46,00  9,000  12  0  0  79,0  0  0  0   68,00  0  0  0  
1  0  1  49,00  9,000  12  0  0  83,0  0  0  0   87,00  0  0  0  
    internal       italicblod    external       reference numberedelement    indent2        s        heading4     small         content_size         date              categories   pagename        
198,0  0   2,000  0  0      0  0  0   5,000  178240  2007-11-05  8    Length:76         
202,0  0   2,000  0  0      0  0  0   9,250  187668  2007-11-07  8    Class :character  
209,0  0   2,000  0  0      0  0  0  10,000  190264  2007-11-22  8    Mode  :character  
208,3  0   2,829  0  0      0  0  0   8,816  193921  2007-12-06  8                      
212,2  0   4,000  0  0      0  0  0  10,000  192208  2007-12-12  8                      
219,0  0   5,000  0  0      0  0  0  10,000  217072  2008-03-29  8                      
